21
18
18
18
18
18
18
18
18
18
18
18
2
23
11
9
3
30
29
23
18
18
14
14
12
9
7
5
3
1
31
31
30
30
30
30
30
30
30
30
30
29
29
28
27
27
27
27
27
26
26
26
26
26
25
24
16
8
7
1
19
3
3
31
31
29
28
28
28
27
26
25
25
25
24
24
24
24
24
24
24
24
24
24
24
24
24
24
30
6
23
19
11
11
31
30
29
28
25
16
8
28
25
25
10
25
16
16
16
15
12
12
11
10
9
3
23
23
22
22
14
10
8
8
7
1
31
28
27
25
25
25
25
25
25
25
25
25
25
21
17
16
13
8
6
20
6
28
6
1
29
29
21
16
14
15
13
10
29
29
24
3
2
1
22
18
15
15
12
11
9
2
28
24
21
15
12
1
24
21
18
17
17
16
16
15
6
4
3
28
23
17
6
1
1
29
23
2
1
28
26
25
23
23
19
19
19
16
14
3
9
30
26
21
7
30
22
19
4
1
9
19
6
4
2
29
22
14
12
22
21
7
5
25
25
20
13
11
22
28
20
29
29
29
22
16
15
12
21
18
23
21
19
18
1
20
2
25
24
24
22
15
15
14
9
8
30
21
21
20
17
11
30
23
23
21
21
21
21
16
15
31
26
23
21
20
19
11
9
4
2
30
29
20
17
14
7
6
6
5
4
25
24
23
19
16
6
1
22
16
25
25
17
9
7
5
4
30
5
3
28
28
13
25
16
10
8
3
3
29
27
14
28
14
13
12
3
30
27
12
4
4
3
19
18
12
9
6
5
4
3
3
31
31
30
29
29
29
29
29
29
29
29
29
29
29
29
28
27
26
25
23
21
20
20
20
20
20
20
20
20
20
20
20
20
19
18
25
21
18
13
5
1
28
24
21
15
7
5
5
4
2
27
26
25
18
11
31
27
25
24
9
18
14
23
23
4
31
29
24
20
20
25
17
13
11
8
6
20
18
3
27
25
17
13
12
12
12
11
10
7
6
23
17
4
24
19
11
11
6
28
24
24
24
19
12
8
26
23
21
26
18
14
8
29
24
22
8
8
19
7
5
30
30
30
30
30
30
30
30
30
30
30
30
30
30
30
30
30
30
30
30
30
30
30
30
30
30
30
30
30
30
30
30
30
30
30
30
30
30
30
30
30
30
30
30
30
30
30
30
30
30
30
30
30
30
30
30
30
30
30
30
30
30
30
30
30
30
30
30
30
30
30
30
30
30
29
29
29
29
29
29
29
29
29
29
29
29
29
29
29
29
29
29
29
29
29
29
29
29
29
29
29
29
29
29
29
29
29
29
29
29
29
29
29
29
29
29
29
29
29
29
29
29
29
29
28
28
28
28