58.600
9.000
5.800
10.000
10.000
10.000
4.300
76.200
19.100
23.500
10.000
132.500
20.400
10.000
12.500
16.100
127.700
10.000
24.300
6.600
10.000
38.500
10.000
40.600
14.200
10.000
10.000
10.000
10.000
42.700
10.000
19.900
9.900
10.000
121.100
11.100
11.900
10.000
8.000
10.000
10.000
49.800
10.000
10.000
13.200
27.100
7.200
11.400
10.000
10.000
10.000
10.000
10.000
10.000
10.000
10.000
10.000
10.000
11.600
10.000
10.000
9.500
10.000
13.100
10.000
10.000
22.000
4.700
6.900
10.000
10.000
10.000
10.000
10.000
10.600
21.400
17.900
40.100
10.000
10.000
81.800
7.900
10.000
10.000
7.800
28.100
3.200
10.000
10.000
1.600
10.000
10.000
10.000
10.000
175.100
10.000
2.300
41.100
10.100
10.000
9.000
10.000
40.400
55.400
10.000
38.800
45.100
10.000
96.200
10.000
13.900
10.000
22.800
7.900
17.000
10.000
19.700
10.000
10.000
10.000
16.300
10.000
24.800
41.600
10.000
10.000
11.800
16.500
22.600
10.000
5.600
4.700
11.800
10.000
10.000
4.500
13.100
30.000
10.000
10.000
16.500
20.800
10.000
10.000
10.000
9.000
20.100
19.700
10.000
15.400
11.800
55.400
60.500
10.000
30.400
10.000
10.000
10.000
10.500
75.900
10.000
29.100
10.000
10.000
17.000
6.100
10.000
146.400
47.400
10.000
26.700
139.400
20.700
14.100
27.400
137.300
10.000
15.400
9.700
38.800
20.500
10.000
10.000
29.100
10.000
10.000
2.500
10.000
5.900
10.000
10.000
8.000
10.000
6.600
12.000
5.100
10.000
10.000
10.000
10.000
38.500
8.600
10.000
10.000
22.900
9.000
10.000
11.000
7.300
37.900
32.900
10.000
11.700
10.000
7.000
8.000
12.700
10.000
9.400
22.800
26.400
37.400
39.700
8.300
13.500
10.000
10.000
30.900
35.900
10.800
5.000
5.000
16.200
8.800
86.100
28.700
10.000
10.000
25.800
95.000
11.300
46.700
52.000
29.800
21.300
42.000
51.000
24.000
19.900
34.000
14.400
10.000
28.600
9.100
1.100
141.700
2.900
10.000
10.000
11.900
20.400
5.000
13.200
13.700
20.700
25.900
9.800
19.400
10.000
11.100
136.700
23.700
10.000
5.700
15.400
15.000
5.100
10.000
20.000
6.500
17.500
10.000
10.000
48.700
50.800
24.900
22.400
15.200
6.800
24.900
10.000
62.000
7.700
37.000
45.900
23.200
10.000
10.000
13.900
12.300
10.000
10.000
10.000
9.000
10.000
10.000
9.400
11.200
40.100
52.300
2.000
27.600
27.800
15.300
12.900
10.000
23.600
10.000
20.000
10.000
12.500
10.000
3.600
37.400
12.000
17.000
1.000
11.200
24.600
63.000
116.200
43.200
32.600
10.000
6.200
29.400
5.000
4.700
15.700
7.400
10.000
11.800
20.400
15.000
10.000
9.300
30.800
10.000
6.900
7.500
12.100
64.500
5.900
4.000
32.400
10.000
40.500
14.500
10.000
23.400
10.000
32.500
18.200
66.500
9.800
10.900
10.000
17.700
1.800
10.000
2.000
6.300
10.000
13.200
10.000
14.000
6.800
1.000
10.000
10.000
16.000
5.000
17.000
18.000
1.300
29.600
39.700
17.100
10.000
10.000
7.600
14.600
21.800
75.300
30.500
40.700
48.700
35.200
22.500
10.000
18.100
40.000
25.200
10.000
4.000
16.600
38.300
9.200
10.000
10.000
23.900
32.100
11.400
10.000
50.800
42.000
32.600
46.000
16.300
4.500
91.900
10.000
11.100
10.000
17.400
14.900
10.000
37.000
7.300
34.200
26.300
27.300
5.800
10.000
170.300
10.000
10.500
10.300
10.000
10.000
18.000
9.400
9.600
39.100
10.000
10.000
10.900
17.600
67.400
64.000
13.800
20.100
65.300
74.000
10.000
10.000
15.700
11.400
10.000
10.000
10.000
10.000
8.500
22.500
9.300
10.000
10.000
10.000
10.000
10.000
10.000
20.000
17.200
10.000
10.000
10.000
10.000
10.000
91.900
10.000
10.700
31.900
13.200
14.200
14.600
4.900
10.000
27.000
9.800
57.500
107.000
5.000
51.100
36.800
33.900
6.100
10.000
17.800
18.400
10.000
22.100
10.400
10.200
56.200
58.500
23.500
10.100
10.000
10.000
10.000
10.100
39.700
34.000
10.000
17.700
13.600
10.100
9.900
9.900
13.100
10.900
34.200
53.800
13.600
10.600
9.100
13.900
25.100
10.000
9.100
10.000
9.700
8.700
24.900
13.700
9.900
26.300
15.300
10.000
7.200
10.000
44.600
9.200
22.400
5.000
5.000
18.600
11.100
13.800
10.200
10.000
10.000
10.000
5.800
12.800
15.100
17.900
9.300
9.100
13.400
10.000
10.000
19.600
10.100
10.800
5.100
10.000
10.200
10.000
10.900
8.000
10.600
10.500
11.200
11.200
21.700
11.000
11.900
11.900
10.000
10.500
12.800
18.800
1.500
12.700
10.700
10.800
27.500
10.000
9.200
10.300
26.500
10.000
46.900
51.000
123.100
9.900
8.000
13.200
19.400