9993574
9992731
9992589
9992583
9992573
9992580
9992568
9992570
9992579
9992576
9992567
9992562
9951333
9948664
9913031
9912421
5199602
5199334
5199212
5198993
5198230
5198214
5198184
5197797
5197766
5197454
5197595
5197062
5196873
5196751
5196707
5196648
5196633
5196622
5196620
5197650
5197649
5196614
5196615
5196613
5196612
5196568
5197636
5196517
5196422
5196403
5196393
5196394
5196387
5196384
5196379
5196376
5196366
5196359
5196292
5196206
5196485
5195344
5195405
5195017
5193783
5192219
5192185
5191984
5191968
5191744
5191711
5191702
5191684
5191581
5191496
5191436
5191397
5191385
5191373
5191370
5191332
5191307
5191303
5191302
5191756
5191300
5191301
5191909
5191306
5191749
5191299
5191298
5189313
5187174
5186184
5185951
5185287
5186764
5184177
5184200
5184025
5184009
5183756
5182894
5182208
5181171
5180991
5180996
5179554
5178305
5178770
5177867
5177383
5177255
5177031
5177029
5176879
5177622
5176742
5176145
5175178
5175173
5175059
5175057
5174274
5173908
5173744
5174973
5175820
5174307
5172968
5172627
5172486
5172335
5172325
5172321
5172300
5172290
5172289
5172284
5172282
5172288
5172281
5171820
5171482
5171390
5171095
5170588
5170353
5168806
5167424
5166691
5164338
5163842
5163565
5163466
5163206
5162103
5161928
5158903
5158605
5158315
5156981
5156977
5156489
5154476
5154402
5154445
5153390
5153144
5150940
5114153
5113624
5113452
5113245
5112668
5112144
5111984
5111323
5110770
5110510
5109162
5076107
5075795
5075550
5075433
5075417
5075453
5075327
5075224
5042158
5007357
5074991
5007087
5006608
5006013
5004524
5006451
5004054
5003756
4966568
4819809
4819768
4819396
4819215
4819104
4818925
4818923
4818587
4818812
4818811
4818317
4818079
4813466
4812706
4809994
4809682
4810201
4807327
4768985
4768078
4767540
4765356
4737354
4724437
4688946
4641037
4640854
4640588
4640300
4639465
4638694
4601637
4599733
4599677
4597735
4597604
4530790
4489327
4489103
4488310
4438184
4374593
4372940
4371721
4370827
4370820
4370801
4370523
4370251
4370320
4370085
4368832
4368775
4368341
4368358
4311166
4311160
4310157
4309870
4225006
4224623
4224498
4224551
4224357
4223974
4223973
4223967
4223715
4223170
4222722
4222240
4222239
4222231
4222028
4221786
4221269
4220552
4220510
4222677
4220446
4220445
4220443
4220251
4220843
4220763
4218848
4218731
4218556
4221679
4218325
4217899
4217874
4217320
4217259
4217113
4219786
4215710
4219351
4215415
4215065
4215063
4215040
4215798
4218163
4214563
4214490
4214431
4215909
4213542
4215097
4215232
4212016
4211659
3931265
3931261
4212154
3854058
4211364
4211444
3793675
4147446
3854238
3650256
3649937
3649935
3625788
3533539
3480687
3443406
3443294
3442975
3442940
3414022
3404884
3381090
3378134
3377500
3377461
3377431
3351831
3344639
3344521
3343762
3343604
3343384
3343339
3348244
3341484
3341193
3341091
3340942
3344056
3343944
3340761
3340930
3343635
3343591
3343470
3340393
3340920
3343727
3340391
3340390
3343725
3340389
3341512
3340804
3340388
3341511
3340386
3340369
3340859
3342815
3340290
3340151
3340043
3339983
3339940
3339935
3339934
3339922
3340713
3340712
3340711
3341420
3377505
3341419
3339921
3339919
3339871
3338306
3338194
3337927
3337664
3337214
3337086
3336876
3336674
3340723
3337406
3336977
3335610
3335568
3335527
3336390
3335225
3335173
3335111
3334678
3334302
3333791
3333605
3333492
3333486
3334884
3331621
3333507
3330934
3330379
3324959
3330767
3324642
3330706
3324200
3330735
3322805
3322730
3324218
3321977
3321925
3322728
3322631
3322020
3319555
3319085
3318610
3318130
3318045
3331343
3317687
3317686
3331231
3317727
3317331
3319599
3316655
3315830
3289180
3317410
3317173
3287421
3287419
3316527
3285612
3285211
3285602
3287833
3292855
3322747
3288729
3280869
3281112
3282610
3280345
3279329
3277989
3278234
3277034
3276489
3278769
3275770
3275768
3276456
3275835
3533620
4211238
4211233
4211207
4211199
4211192
4211172
4211157
4211151
4211138
4211130
4211124
4211093
4211087
4211086
4211055
4211054
4211025
4211024
4211005
4210970
4210946
4210931
4210925
4210914
4210911
4210910
4210901
4210890
4210873
4210870
4210863
4210861
4210853
4210843
4210833
4210826
4210823
4210813
4210805
4210804
4210803
4210798
4210793
4210791
4210775
4210767
4210750
4210740
4210733
4210723
4210720
4210709
4210693
4210689
4210654
4210637
4210636
4210625
4210620
4210603
4210568
4210565
4210548
4210539
4210528
4210526
4210512
4210486
4210480
4210472
4210470
4210457
4210446
4210436
4210413
4210403
4210364
4210362
4210334
4210322
4210321
4210303
4210297
4210278
4210272
4210266
4210238
4210237
4210213
4210178
4210121
4210100
4210092
4210074
4210058
4210046
4210018
4210007
4210005
4210003
4210002
4210000
4209989
4209987
4209978
4209976
4209973
4209972
4209970
4209969
4209957
4209949
4209946
4209924
4209901
4209889
4209861
4209841
4209818
4209789
4209784
4209758
4209623
4209616
4209606
4209595
4209550
4209515