9994938
9994750
9993944
9993641
9955735
9955732
9955676
9955252
9954433
9954077
9953500
9952422
9951843
9951512
9949368
9948664
9947468
9946739
9946091
9911724
5199624
5199617
5199521
5199389
5199215
5199107
5198564
5198256
5198006
5197801
5197477
5197454
5196975
5196840
5196778
5196707
5196586
5197609
5196225
5196021
5195957
5195939
5195923
5195803
5195796
5195790
5195785
5195783
5195780
5195784
5195764
5195760
5195757
5195752
5195749
5195746
5195743
5197516
5195742
5195739
5195738
5195744
5195751
5195756
5197102
5197087
5195727
5195706
5195693
5195688
5195478
5195309
5195405
5196179
5195134
5195030
5195015
5194829
5194656
5194647
5194592
5194591
5193994
5193720
5193478
5193295
5193170
5193098
5193044
5193031
5193028
5192984
5192896
5192871
5192766
5192085
5191987
5190014
5189846
5189570
5189303
5188944
5188872
5188694
5188633
5187900
5187802
5187672
5187388
5186936
5186663
5186525
5186500
5186296
5184920
5184783
5184681
5186570
5184626
5184569
5184555
5186580
5184524
5184063
5183681
5183440
5183709
5183381
5183379
5183382
5183284
5183283
5183279
5182873
5183929
5182506
5182283
5181356
5181259
5180538
5180288
5180232
5180086
5179640
5181430
5178849
5178670
5178660
5178452
5178381
5178259
5177941
5177917
5178224
5177020
5176743
5176529
5176479
5176421
5175953
5175601
5174383
5174274
5173545
5173000
5172411
5171809
5171747
5171391
5170792
5170588
5170255
5170243
5170143
5172965
5171215
5169836
5169610
5169613
5169346
5169272
5169045
5168185
5169403
5167986
5168547
5168902
5166892
5166165
5165820
5165817
5165809
5165760
5165747
5165669
5165527
5165486
5165481
5165473
5165459
5165409
5165405
5165373
5165371
5165370
5165359
5166752
5165355
5165319
5166726
5166725
5166144
5165032
5164411
5163839
5163835
5163428
5163294
5163100
5162926
5162900
5162893
5161942
5161886
5161712
5161195
5160942
5160387
5159023
5160374
5158609
5158247
5157512
5157037
5156976
5156922
5156798
5156717
5156716
5156474
5156440
5156027
5155911
5155898
5155390
5155087
5155076
5155001
5154476
5154191
5154202
5154145
5153852
5153728
5153628
5153522
5153510
5153493
5153487
5153287
5151018
5150759
5150578
5151028
5150486
5150476
5150462
5151035
5150203
5150083
5149922
5149802
5149277
5149245
5149236
5148977
5148696
5145751
5114913
5114631
5114515
5114261
5114763
5114226
5114225
5114091
5114300
5148847
5113495
5113452
5113432
5113403
5113276
5115090
5112704
5113427
5112645
5112551
5112535
5112144
5112052
5111510
5111277
5111323
5111183
5111152
5112508
5112294
5111025
5111020
5111056
5110950
5110951
5110900
5111520
5110852
5110886
5110882
5110848
5110726
5110623
5110530
5110510
5109868
5111154
5109657
5109664
5110958
5109043
5108750
5075380
5075300
5075067
5074903
5074627
5074608
5109101
5007087
5007022
5006544
5005730
5004832
5004576
5004448
5004405
5004112
5003576
4967489
5003620
4907610
4894615
4821313
4820946
4820111
4819846
4819785
4819786
4819474
4819423
4819104
4818676
4818630
4817784
4817661
4819249
4817164
4817142
4817038
4816809
4816751
4816650
4816435
4815149
4815148
4814671
4814735
4814611
4814473
4814352
4814298
4814207
4814031
4816455
4813989
4814576
4813712
4815523
4813288
4812584
4812484
4812218
4812028
4811681
4811599
4811280
4813129
4810479
4812318
4810450
4810425
4810414
4810397
4810395
4810021
4809994
4809682
4809674
4809606
4808980
4808979
4808976
4808861
4808341
4807999
4807929
4807902
4807324
4774946
4770854
4810197
4768802
4768143
4768251
4768086
4768326
4767077
4767075
4766474
4769172
4765941
4765328
4725630
4725619
4725507
4725485
4725369
4725276
4724802
4724568
4724452
4724408
4723999
4723770
4723453
4723404
4723249
4723028
4722771
4711076
4700874
4688946
4641738
4641692
4641505
4641316
4641275
4641056
4641022
4640510
4640196
4639988
4639919
4640117
4640116
4639867
4639866
4639827
4639789
4639783
4639761
4639758
4639750
4639335
4639256
4639149
4639099
4601621
4601450
4601013
4600524
4600526
4600104
4600056
4599685
4599242
4599820
4599054
4598924
4598716
4597604
4597557
4597516
4558040
4489693
4489240
4530701
4489110
4488948
4488792
4422637
4417640
4417637
4417638
4417604
4404476
4375056
4375048
4374888
4374727
4374651
4374590
4374526
4374502
4373962
4373757
4373756
4373714
4373710
4373640
4373524
4373497
4373471
4373469
4373422
4373395
4373389
4373396
4373406
4373386
4373405
4373361
4373312
4373306
4373358
4373232
4373170
4373159
4373116
4373110
4373101
4373069
4373045
4373025
4373000
4373043
4372997
4372991
4372972
4372967
4372956
4372951
4372946
4372940
4372938
4372971
4372936
4372927
4372920
4372916
4372913
4372906
4372898
4372895
4372890
4372886
4372884
4372882
4372878
4372877
4372893
4372891
4372883
4372881
4372880
4372879
4372876
4372874
4372872
4372870
4372869
4372867
4372866
4372865
4372789
4371739
4371724
4371718
4371716
4371658
4371343
4371306
4370886
4370801
4370887
4370774
4370666
4370374
4370238
4369720
4369701