42.700
42.670
42.570
42.660
42.750
42.580
42.600
42.600
42.530
42.590
42.600
42.660
42.810
42.510
42.900
43.510
47.060
44.770
42.570
38.250
34.670
34.760
42.940
42.850
42.730
42.840
42.910
35.930
43.030
43.010
43.220
42.750
42.760
42.810
42.840
42.820
43.120
42.770
42.840
42.730
42.850
42.810
40.030
39.310
42.800
42.840
42.930
42.830
42.950
42.800
42.920
42.880
42.930
42.860
43.590
46.400
42.740
42.740
45.230
46.040
42.670
42.880
42.810
36.250
42.840
42.760
42.860
42.790
42.670
42.830
42.660
42.660
42.790
36.550
42.670
42.720
42.880
42.750
42.630
42.810
42.770
42.820
42.700
42.620
42.630
42.810
42.640
42.710
44.990
36.400
44.090
47.270
36.400
36.640
36.470
42.760
36.280
36.410
36.760
36.380
44.940
46.070
48.110
43.470
36.360
36.530
35.670
35.730
35.250
35.760
35.620
35.580
35.730
35.710
35.670
35.590
35.710
35.710
35.740
35.740
43.080
36.530
37.020
35.370
36.620
35.460
36.570
35.430
35.730
35.540
35.480
35.770
35.670
35.580
35.560
35.460
35.680
35.600
35.650
35.560
36.580
41.600
36.200
42.910
39.920
38.240
42.340
45.790
44.480
45.900
37.390
42.210
37.380
39.470
38.840
45.790
43.560
44.810
38.480
46.280
44.260
39.150
39.460
45.900
37.350
38.740
35.720
45.850
45.870
37.280
38.640
41.510
44.550
44.330
42.490
38.970
43.760
44.260
35.670
35.610
35.600
35.680
36.100
35.750
36.510
35.710
34.980
43.600
43.590
43.640
39.060
44.170
38.760
36.540
36.470
30.320
44.150
39.840
41.470
39.290
36.500
44.600
36.470
36.430
36.470
43.630
43.600
36.490
40.460
34.850
34.920
43.060
36.770
36.780
44.100
44.440
35.680
36.930
38.770
36.850
36.890
43.840
39.870
39.810
36.050
46.050
35.790
33.660
32.260
45.610
36.800
44.580
38.850
36.960
36.910
35.920
45.750
34.290
36.810
44.990
41.350
36.730
41.430
43.100
43.300
35.480
36.670
47.180
47.630
43.660
35.160
35.610
36.110
35.640
40.330
47.930
39.660
37.670
36.710
46.220
43.590
37.950
38.130
44.220
47.330
35.250
45.150
43.530
43.520
47.420
36.540
43.790
44.180
44.200
44.200
44.160
44.170
44.270
44.150
45.810
44.160
32.420
36.740
36.400
43.070
43.830
36.700
32.770
39.200
44.870
35.730
35.380
34.700
42.710
43.670
33.360
46.190
46.160
45.910
42.070
33.770
36.030
37.800
42.860
36.460
35.720
46.210
36.900
36.750
41.710
43.250
44.170
43.620
37.490
44.770
43.070
37.870
43.180
42.990
46.190
36.790
36.940
38.270
39.880
39.760
36.970
44.100
44.820
44.590
38.460
41.170
36.500
38.250
39.590
38.550
41.770
43.990
44.240
44.170
40.600
38.440
37.470
34.000
44.900
39.260
44.880
46.210
44.430
36.880
44.930
44.900
36.540
44.890
44.880
44.930
44.920
44.870
44.880
44.870
44.890
44.890
44.890
44.860
44.850
44.900
44.880
44.850
39.860
44.880
44.840
44.880
44.870
44.850
44.880
44.830
44.920
44.880
44.860
44.890
44.920
44.880
44.920
44.910
44.840
44.890
44.900
33.990
36.500
42.950
36.460
38.290
36.190
39.760
38.580
36.450
35.710
42.810
43.200
44.570
36.410
42.070
44.490
44.490
44.540
38.460
34.410
47.150
37.830
44.480
44.850
45.540
36.410
36.140
42.890
39.920
36.680
39.950
45.720
45.710
37.320
44.580
44.530
42.540
43.490
45.880
39.840
44.630
42.950
43.460
45.000
44.300
41.950
44.980
45.000
42.440
43.930
43.920
43.920
43.920
42.140
41.950
38.020
38.060
43.800
43.890
43.840
39.210
37.700
37.690
45.000
44.810
35.820
35.810
43.600
36.190
41.660
41.180
37.410
37.920
44.880
36.800
35.560
32.010
43.880
47.520
43.150
43.170
46.310
46.310
41.830
43.130
44.350
39.850
42.610
42.620
43.520
37.880
44.210
32.890
42.620
42.650
42.650
45.900
42.620
43.000
42.590
45.700
37.090
42.610
42.610
45.670
48.250
42.230
41.140
37.980
41.780
40.070
37.050
42.630
40.220
42.670
43.220
42.720
42.820
42.150
42.140
41.490
42.810
43.270
42.700
43.510
40.220
41.630
42.870
42.770
41.220
46.690
39.760
38.110
42.940
43.140
43.230
36.580
41.770
42.540
43.090
46.750
34.420
43.470
46.120
36.700
46.330
36.310
46.260
38.000
42.610
42.590
43.330
43.030
42.620
42.620
44.220
42.440
43.000
46.690
42.610
43.720
42.520
43.470
43.480
43.410
39.820
36.610
43.140
42.610
36.480
36.240
42.620
36.760
41.270
42.620
42.350
36.700
40.070
37.970
33.540
41.530
42.140
42.560
47.500
38.650
41.300
42.610
37.730
42.000
45.730
40.800
41.430
41.380
41.220
38.430
43.030
43.310
47.070
46.680
42.500
45.430
46.480
42.260
47.490
38.710
42.850
46.300
45.800
42.570
46.320
42.870
36.720
37.690
38.590