5.200
4.000
3.000
4.400
4.300
4.300
4.400
4.300
4.500
4.500
4.900
4.300
4.200
4.900
4.900
4.300
5.400
4.300
4.200
4.000
5.000
4.500
4.500
4.300
4.400
4.500
4.200
4.900
4.200
4.000
4.800
4.400
4.300
4.300
4.400
4.300
4.400
4.200
4.100
4.000
4.500
4.700
4.100
4.400
4.100
4.600
4.500
4.100
4.300
4.300
4.500
4.400
4.500
5.100
5.000
4.800
4.900
4.200
5.200
5.000
4.400
4.300
4.300
4.300
4.400
4.600
5.500
5.300
4.500
4.100
4.700
4.000
3.900
3.800
3.100
4.500
4.200
4.100
4.200
5.000
5.200
4.200
4.000
4.700
4.200
4.500
3.100
4.600
3.800
3.700
4.300
4.500
5.300
4.000
4.600
4.200
4.300
4.100
4.200
4.000
5.200
4.400
4.300
4.000
4.300
4.400
4.300
4.100
4.200
3.800
3.700
4.100
4.500
4.200
4.300
4.100
4.100
4.200
4.100
4.200
4.900
4.000
4.200
4.100
5.400
4.300
4.300
4.800
4.700
4.500
4.000
4.300
4.300
5.000
4.000
4.300
3.900
4.300
4.200
3.400
4.500
4.400
4.700
4.600
4.000
5.100
4.300
4.600
4.300
5.200
4.400
4.000
4.500
4.000
4.700
4.300
4.400
3.900
4.300
4.500
4.200
5.300
4.500
4.700
3.600
4.500
4.300
4.700
4.100
4.900
4.600
4.200
4.200
4.700
4.000
4.400
4.200
4.300
4.600
5.200
4.600
4.300
4.600
4.300
4.500
4.400
4.500
4.300
4.900
4.400
4.600
4.600
4.800
4.800
4.300
4.600
4.900
5.100
4.200
4.700
4.100
4.300
4.700
4.700
4.200
5.100
4.400
6.500
4.400
4.100
4.200
4.300
4.300
4.300
4.700
4.800
4.400
4.700
4.700
4.300
4.400
4.500
4.500
4.200
4.800
5.400
4.100
4.900
4.900
4.100
4.700
4.600
4.500
4.700
4.000
4.100
4.500
4.200
4.800
4.200
4.300
4.400
4.000
4.900
4.200
4.300
4.600
4.400
4.400
4.800
4.100
5.100
4.500
4.400
4.000
5.200
4.200
4.800
4.300
4.300
3.800
4.500
4.000
3.700
4.300
4.600
4.400
3.700
4.600
5.200
4.700
5.000
5.400
5.200
4.700
4.600
4.200
4.000
4.400
4.300
4.600
3.900
4.000
4.400
4.200
4.700
4.000
4.000
4.000
4.600
4.300
4.300
3.900
4.400
4.700
4.200
4.200
4.000
5.000
4.000
4.500
4.200
4.100
2.900
4.300
4.000
4.000
4.000
4.800
4.500
4.100
4.100
4.500
5.300
4.100
5.000
4.800
4.200
6.000
5.500
4.800
4.500
4.100
4.400
4.200
4.500
3.500
4.600
4.600
5.500
4.400
4.300
4.400
4.400
3.900
4.100
3.900
4.200
4.300
3.400
4.700
4.400
4.600
4.500
4.200
4.300
5.300
4.200
4.400
4.400
3.200
4.800
4.000
4.500
4.000
4.700
4.200
5.000
4.300
3.900
4.200
4.400
5.000
4.100
3.800
5.000
5.300
4.400
4.600
4.100
3.800
4.300
5.300
5.400
4.400
4.300
3.000
4.300
4.800
4.600
5.200
4.900
4.000
5.100
4.400
4.400
4.000
4.200
4.300
5.500
4.300
4.100
4.600
4.600
4.800
4.200
4.900
4.100
4.400
4.500
5.100
4.800
4.300
4.100
4.500
4.100
4.400
4.400
4.100
4.300
5.200
4.500
4.600
4.200
4.400
4.400
4.600
5.300
5.000
4.500
5.600
5.200
4.300
5.100
4.200
4.200
4.100
4.600
3.900
4.700
4.200
4.800
4.300
4.100
4.200
4.200
4.200
4.500
4.600
4.300
4.200
4.000
4.400
4.300
4.300
4.800
4.500
4.100
4.400
4.500
4.100
4.600
5.000
5.000
4.500
4.800
4.500
4.300
5.100
4.400
4.100
4.400
3.500
3.800
4.400
4.500
4.500
4.500
4.800
4.500
6.900
4.100
4.400
4.500
5.100
4.300
4.900
4.300
4.500
4.800
3.600
4.500
4.700
4.500
4.000
3.800
4.600
4.300
5.000
4.900
5.500
4.100
4.000
4.200
4.400
3.900
4.400
4.500
4.400
4.400
4.300
4.600
4.400
4.600
4.500
4.300
4.800
4.300
4.800
4.400
4.500
4.600
4.100
4.200
4.300
5.200
4.800
4.700
4.800
4.300
4.800
4.600
4.500
4.200
4.300
4.600
4.200
4.600
4.300
4.400
4.500
4.400
4.600
4.000
6.100
5.000
4.800
4.600
4.500
4.200
4.500
4.700
4.300
4.500
4.400
4.000
4.300
4.200
4.500
4.600
4.400
4.600
4.200
4.400
4.500
4.500
4.700
4.800
4.100
4.200
4.400
4.300
4.700
4.400
4.600
4.100
4.400
5.400
4.200
4.500
4.300
4.400
4.400
4.600
4.500
4.300
4.400
4.600
4.400
4.600
4.400
5.000
6.000
4.500
4.400
4.200
4.300
4.400
4.600
4.800
4.000
4.200
4.700
4.500
5.800
4.500
4.200
4.100
4.700
4.600