4.100
4.700
5.200
4.100
4.700
4.300
5.600
4.500
4.600
4.700
5.700
5.300
4.100
4.300
4.200
4.400
4.100
3.700
4.500
3.000
4.900
5.300
4.100
4.200
4.600
4.400
4.300
4.200
5.000
4.900
4.300
4.300
4.300
4.600
4.700
4.500
4.600
4.700
4.000
4.300
6.600
4.500
4.400
5.800
4.200
4.300
4.200
4.500
4.200
4.000
4.900
4.100
6.100
5.500
4.200
4.400
4.300
4.300
3.900
3.800
4.100
4.500
4.300
3.800
4.100
3.500
4.300
4.600
4.300
4.200
4.700
4.300
4.700
4.100
4.100
4.600
4.900
4.500
4.300
4.300
4.100
5.500
4.000
4.200
4.100
4.200
4.600
6.200
4.000
4.200
4.200
3.500
4.000
4.100
4.800
4.600
4.200
5.200
4.100
4.700
3.300
4.300
3.900
3.900
4.800
3.900
4.200
4.100
4.700
5.600
5.200
5.200
5.300
4.200
4.800
5.000
4.700
4.800
4.600
5.100
4.500
4.700
4.500
4.200
4.700
4.200
4.900
4.500
4.900
4.200
4.400
4.900
4.700
5.300
5.100
4.600
5.300
5.000
6.300
5.100
4.200
4.600
4.100
4.600
5.100
4.500
4.500
3.000
4.100
4.500
3.200
3.800
2.900
4.400
4.500
2.600
4.200
3.100
4.600
4.000
3.500
4.400
4.400
3.900
3.400
3.000
4.000
3.500
3.500
4.600
4.600
3.300
4.000
4.400
2.900
4.500
4.100
4.100
4.300
4.800
4.200
4.400
4.300
4.000
3.700
4.600
4.400
3.700
3.300
4.200
5.000
4.400
4.700
4.200
4.700
4.000
4.400
4.300
4.600
4.600
5.100
3.900
4.700
4.900
4.700
3.900
3.800
4.100
4.300
4.700
4.400
4.500
4.100
3.600
4.300
3.900
4.200
4.500
4.100
5.600
4.200
4.100
4.400
4.100
4.500
3.400
4.900
4.200
4.300
4.400
4.000
4.800
4.900
3.300
4.100
4.200
4.400
4.700
4.600
4.200
4.400
4.200
5.200
4.700
4.500
4.800
4.100
4.000
4.500
4.900
4.400
4.400
4.300
4.500
4.200
3.800
4.600
2.900
4.400
3.600
4.500
4.300
4.600
3.900
3.200
4.200
4.400
4.100
4.900
3.600
4.800
4.100
4.900
4.700
4.000
4.500
4.100
4.500
5.400
4.000
3.400
4.500
5.000
4.300
3.500
4.400
5.000
4.700
3.400
3.800
4.200
4.000
4.100
4.300
3.300
4.300
3.400
2.400
3.400
4.000
4.700
4.100
4.500
4.200
4.000
4.400
3.900
4.200
4.500
4.800
4.000
5.000
4.000
3.500
3.500
4.100
4.600
4.800
4.000
4.300
4.500
5.000
4.300
5.300
4.900
4.600
4.400
4.500
4.500
4.400
4.600
4.000
4.500
4.200
4.400
4.100
4.300
4.400
4.600
4.000
4.700
4.700
4.500
3.500
4.500
4.400
4.500
4.600
4.500
4.200
5.100
4.000
4.200
4.000
4.300
4.400
4.300
4.500
5.100
5.500
4.400
4.700
4.200
4.700
4.800
4.300
5.800
4.600
4.400
3.800
4.000
4.400
4.600
4.800
5.100
4.600
4.700
5.100
4.300
4.200
4.300
4.200
4.200
4.300
6.000
4.200
4.500
4.600
3.500
4.300
4.700
4.600
4.500
4.400
4.100
4.200
4.700
3.800
4.700
4.300
4.800
4.500
4.100
4.700
4.400
4.200
4.200
4.400
5.200
5.000
4.000
4.200
4.700
4.300
3.600
3.400
4.500
3.400
4.500
3.700
4.200
4.000
4.600
3.300
3.500
4.300
3.700
3.200
4.200
3.600
4.300
3.500
4.700
4.900
3.600
3.600
4.600
4.500
3.600
3.200
5.100
3.700
4.300
4.600
3.300
4.300
4.800
5.100
4.500
4.000
4.300
4.100
3.500
3.300
4.000
3.900
3.800
3.800
3.100
3.500
4.200
4.200
4.500
4.000
4.300
3.900
4.000
2.800
3.300
4.100
4.300
3.200
1.400
0.700
0.500
0.900
0.500
1.300
3.100
0.500
0.800
0.700
0.400
0.700
1.800
0.500
1.300
1.500
0.800
0.500
0.500
2.100
1.900
2.100
1.200
1.900
2.300
2.500
1.000
1.900
1.100
1.000
1.800
1.000
1.500
1.000
1.600
1.600
1.500
1.000
0.900
1.200
1.200
1.300
1.100
1.700
1.600
1.600
1.200
1.500
1.100
2.200
2.800
1.400
1.400
0.800
1.200
3.700
1.400
0.900
1.700
0.600
1.400
1.300
1.400
0.600
0.400
1.900
1.300
0.500
0.500
0.800
1.200
0.800
1.900
0.800
1.900
1.900
0.800
1.100
1.000
1.200
3.300
1.900
0.800
2.500
1.500
0.700
1.300
2.200
0.700
1.400
1.600
2.800
2.300
2.100
1.300
1.100
2.200
1.000
1.300
1.300
0.700
0.800
1.200
0.500
1.700
1.300
1.600
1.200
2.700
1.800
1.200
1.400
1.100
1.200
0.800
0.300
1.600
1.500
1.600
0.600
0.600
0.400
1.700
0.400
0.900
1.100
1.400
1.600