1484991357
1484752572
1484746417
1484740901
1484737659
1484735964
1484735125
1484735056
1484734597
1484734532
1484734451
1484731541
1483328174
1482536365
1481460892
1481288221
1480755703
1480485175
1480436043
1479914908
1479470899
1479454942
1479152992
1479087224
1478961815
1478707124
1478544977
1478378604
1478133301
1477987000
1477906693
1477884461
1477851669
1477834495
1477829222
1477828698
1477826471
1477816561
1477812888
1477811586
1477809619
1477758273
1477742286
1477684968
1477588944
1477556505
1477540224
1477538367
1477527691
1477525951
1477518123
1477517092
1477509488
1477501837
1477414380
1477320251
1476610357
1475950269
1475832347
1475363859
1474328066
1472897932
1472866453
1472670135
1472667173
1472435065
1472402522
1472399736
1472389654
1472266259
1472185707
1472128567
1472095038
1472088807
1472080926
1472060771
1472039431
1472011613
1472010011
1472007576
1472007086
1472006010
1472005184
1472004451
1472004355
1472004068
1472003762
1472002593
1469910098
1467838350
1466692676
1466357256
1465689520
1465685875
1464716114
1464639861
1464499390
1464479693
1464214226
1463390345
1462671930
1461826010
1461580103
1461559449
1460310533
1458907533
1458169845
1458157388
1458145654
1458016840
1457795831
1457795044
1457669808
1457651059
1457567167
1457004987
1456222353
1456217161
1456114470
1456112762
1455461489
1455066736
1454945743
1454930503
1454857075
1454370648
1454257527
1454010531
1453876328
1453745853
1453737763
1453733562
1453710306
1453702242
1453701246
1453698225
1453696459
1453696255
1453695722
1453384039
1453048567
1452970511
1452704490
1452258462
1452105886
1450604765
1449419079
1448746196
1446782584
1446364353
1446144928
1446079065
1445416798
1444954585
1444818053
1442342497
1442106275
1441870328
1440879914
1440874024
1440387833
1438586871
1438498687
1438462071
1437539746
1437261986
1436945929
1431668147
1431396170
1431332789
1431159762
1430530993
1430237810
1429887772
1429581747
1429117023
1428797132
1427873634
1427216698
1426978557
1426721463
1426626851
1426607835
1426546218
1426504391
1426418533
1425614509
1425427204
1425426714
1425111864
1424708190
1424202173
1423212748
1422833905
1422821195
1422505747
1421995880
1420187494
1420141684
1419803019
1419616517
1419469486
1419325144
1419321621
1418987165
1418985391
1418981981
1418742155
1418567611
1414985978
1412886072
1412089960
1411774689
1411304303
1410086701
1409422607
1408666966
1408455503
1407131641
1406866276
1404930983
1403185938
1402062100
1401916842
1401692529
1401348258
1400736123
1400075509
1399866800
1398157108
1398102045
1396898820
1396693486
1395706810
1395706367
1395358056
1394731920
1394540825
1393097434
1390867413
1390201961
1388353580
1388336924
1388300099
1387706796
1387177580
1387079853
1386809959
1385027585
1384761521
1382536647
1382384222
1382141952
1382108911
1380598365
1379642794
1378084456
1377433988
1377364698
1377352741
1377153893
1376608008
1376607897
1376518737
1376045049
1375945526
1375189113
1374376045
1374370345
1374291055
1374030056
1373517143
1372603210
1371999695
1371993223
1371824602
1371817198
1371816762
1371810837
1371413099
1371325276
1369989986
1369584055
1369339386
1369176900
1369041844
1368954446
1368247357
1368132082
1367644268
1367520936
1367344394
1367263645
1366471102
1366210233
1365975795
1365333807
1365290129
1365281345
1365146726
1365101902
1364249291
1364140042
1364007460
1363662691
1363427365
1362609658
1362163399
1361536248
1361049369
1359139946
1359125298
1358428909
1357774050
1357532424
1357428372
1357285806
1356910502
1354670299
1354509360
1354146647
1354144529
1352790393
1351206324
1350400259
1349849681
1349698727
1349275289
1349256044
1348879182
1348708102
1347661164
1346195535
1344934506
1344843052
1344734496
1344023847
1343638878
1343430743
1342128181
1341408433
1341400330
1341291820
1340142509
1340057390
1339465716
1339207495
1338955711
1338872982
1338792949
1338751243
1338735452
1338491044
1338476301
1338357633
1338316081
1338302380
1338289625
1338289225
1338288957
1338283821
1338280858
1338280560
1338280043
1338279951
1338279309
1338274803
1338167187
1338142725
1338066452
1337951645
1337809278
1337618251
1337535434
1337519882
1337508742
1337505201
1337482970
1337481550
1337481472
1337481337
1337480705
1337480513
1337479906
1337479432
1337469207
1337346731
1335323898
1335044925
1334742445
1334298093
1333601780
1333308087
1332976624
1332568201
1332312118
1331782145
1331120538
1330960507
1330915523
1330832860
1330672550
1330360281
1330295875
1330202075
1329524905
1329000326
1328020581
1327675993
1327478796
1327449286
1326113148
1324220462
1323892035
1322057553
1322019162
1320405726
1320099164
1319861614
1319499324
1319091082
1319091051
1316956630
1316242348
1315938923
1315719900
1315487847
1315297324
1313831268
1313630243
1312335373
1311768825
1311597080
1310927428
1310550912
1310498457
1310454908
1310453602
1310396466
1310321619
1310066506
1309943318
1308866566
1308288666
1307210810
1306274632
1305816654
1305132445
1305126313
1304725492
1304033444
1303650132
1303637128
1303629543
1303234814
1302579175
1302275233
1301124989
1300875955
1300665852
1298687732
1297991406
1297663375
1297182585
1296322898
1295832398
1295657325
1294529549
1294519697
1292738929
1291725300
1291537021
1291161532
1291160757
1291157948
1291156823
1291155466
1291153863
1291153164
1291152526
1291151688
1291150691
1291149934
1291146222
1291145908
1291145801
1291142029
1291142009
1291139621
1291139332
1291137390
1291132692
1291130257
1291129219
1291128770
1291128001
1291127690
1291127672
1291126926
1291125751
1291123683
1291123451
1291122931
1291122758
1291121984
1291121413
1291120903
1291120671
1291120482
1291119890
1291119569
1291119551
1291119505
1291119037
1291118808
1291118736
1291117259
1291116602
1291115764
1291114998
1291114607
1291114060
1291113825
1291112962
1291111737
1291111612
1291108703
1291105983
1291105652
1291103438
1291102472
1291100609
1291096191
1291096056
1291094644
1291093937
1291092010
1291091903
1291089696
1291083868
1291082803
1291081626
1291080959
1291079854
1291078479
1291077809
1291074507
1291073222
1291069386
1291069353
1291065672
1291063304
1291063275
1291062079
1291061427
1291059535
1291058821
1291057922
1291054665
1291054435
1291052911
1291050435
1291044020
1291042282
1291041841
1291039933
1291038809
1291038266
1291036257
1291035138
1291034839
1291034569
1291034561
1291034524
1291033955
1291033928
1291033021
1291032871
1291032705
1291032643
1291032441
1291032384
1291031756
1291031242
1291031094
1291028851
1291027450
1291026596
1291022731
1291020737
1291017695
1291013781
1291013241
1291008826
1290990039
1290989166
1290988242
1290987045
1290981260
1290977165