25
25
22
21
15
15
14
13
11
10
9
5
3
1
27
23
20
17
15
6
3
3
2
1
29
29
23
18
16
14
10
9
4
2
1
31
29
24
24
21
19
19
19
17
16
16
16
16
16
16
16
16
16
16
16
16
16
16
16
16
15
15
15
15
15
15
15
15
15
15
11
8
7
5
4
3
2
29
28
28
27
27
21
19
16
14
13
13
12
12
12
12
11
11
9
1
31
7
6
2
30
26
25
23
22
14
13
11
9
3
29
27
27
25
9
7
6
6
5
5
4
4
4
30
25
22
21
21
21
21
20
20
20
16
13
12
9
29
29
19
18
17
16
11
9
3
31
31
29
29
27
22
22
13
12
10
7
6
6
1
15
15
14
5
31
26
21
19
16
10
8
5
5
4
4
4
1
29
29
26
25
15
14
12
12
7
6
2
24
21
21
20
20
20
19
18
18
18
18
18
17
17
17
17
17
17
17
17
16
16
16
12
10
6
1
1
28
27
25
24
23
23
14
13
12
6
3
29
16
14
13
10
3
30
29
29
27
27
27
24
24
20
18
18
13
9
9
8
3
30
30
29
27
26
25
24
24
24
24
21
15
12
8
8
6
6
6
6
30
27
24
20
9
9
8
2
30
29
26
22
21
19
18
18
18
17
16
13
11
11
11
10
8
6
4
4
3
2
2
28
27
22
21
21
20
19
19
19
18
18
18
17
17
17
17
16
16
16
16
15
14
13
12
8
7
6
6
4
31
27
17
16
13
12
8
8
8
28
27
21
16
10
7
5
5
2
28
23
22
21
16
13
10
5
2
2
2
29
29
25
19
19
11
10
6
6
6
4
2
1
30
28
17
17
13
12
12
10
10
9
8
7
7
7
5
5
3
31
26
24
22
21
16
16
12
7
4
4
4
4
3
3
2
30
30
26
26
26
21
21
21
19
17
14
12
12
7
4
4
4
29
24
22
22
22
15
14
13
11
8
3
22
22
20
20
18
18
13
11
10
9
5
3
30
29
27
25
22
20
19
19
13
13
11
9
8
6
6
1
29
26
25
25
25
25
25
25
24
24
24
24
24
20
20
19
18
12
10
5
30
27
25
25
21
19
19
18
16
14
5
4
4
29
26
23
21
21
18
15
10
8
8
8
7
6
5
5
2
26
24
22
21
20
19
15
15
14
14
12
9
9
8
8
7
7
7
6
6
6
6
6
4
4
3
3
1
1
31
31
30
30
29
29
28
28
28
28
28
28
28
28
28
28
27
27
27
27
27
27
27
27
26
26
26
26
26
26
26
26
26
26
26
26
26
26
26
26
26
26
26
26
26
26
24
20
20
20
20
18
11
10
31
29
28
28
25
18
15
11
10