10.000
10.000
6.900
10.000
10.000
10.000
10.000
10.000
10.000
10.000
10.000
10.000
10.000
16.100
8.000
21.900
2.000
26.000
2.800
10.800
9.700
10.000
10.000
10.000
10.000
19.900
7.600
10.000
8.000
10.000
11.100
10.000
10.000
10.000
10.000
6.100
10.000
10.000
1.700
10.000
10.000
10.000
264.200
448.500
10.000
3.800
10.000
10.000
10.000
10.000
10.000
10.000
10.000
10.000
10.000
13.400
10.000
11.000
10.000
2.000
7.600
10.000
10.000
5.800
6.600
10.000
10.000
5.700
11.700
12.200
10.000
10.000
10.000
10.000
7.300
10.000
10.000
10.000
10.700
7.200
6.000
10.000
3.100
2.800
10.300
6.600
10.000
10.000
3.600
10.000
7.300
10.000
10.000
10.000
14.400
8.600
10.000
11.900
10.000
12.600
6.300
10.000
9.500
2.000
14.400
10.000
10.000
10.000
10.000
10.000
10.000
10.000
10.000
10.000
10.000
10.000
10.000
13.500
10.000
10.000
10.000
11.200
10.000
8.500
14.900
10.000
10.000
10.000
10.000
10.000
10.000
10.000
2.600
10.000
12.800
10.000
10.000
10.000
12.000
10.000
10.000
4.900
14.400
26.700
275.200
14.000
7.800
5.000
3.300
9.100
4.300
5.300
11.000
239.800
286.900
3.000
3.700
11.000
10.500
2.400
22.000
19.900
244.300
6.500
12.800
16.000
10.000
12.400
2.000
24.900
213.700
20.700
12.300
6.500
9.000
253.400
3.600
17.400
20.400
10.000
10.000
10.000
11.500
10.000
10.000
10.000
5.000
9.200
10.100
4.700
12.900
7.200
240.100
10.000
14.100
10.000
10.000
281.700
317.000
13.600
14.100
23.400
12.900
11.400
10.000
10.000
9.300
10.000
299.300
15.100
18.700
4.000
16.600
10.000
7.700
17.900
16.200
16.800
178.900
10.000
62.200
13.800
10.000
12.400
10.000
2.500
10.000
17.900
17.500
12.400
35.000
9.700
57.500
10.000
10.000
13.100
10.000
10.000
13.600
10.000
14.400
68.400
10.000
10.000
7.000
35.800
10.000
5.000
10.000
10.000
38.500
10.000
20.800
27.600
0.000
13.900
301.000
1.300
10.000
9.200
10.100
10.000
10.100
10.300
9.100
10.000
21.200
10.000
9.600
4.200
9.700
10.000
13.200
10.100
8.100
8.000
4.400
10.000
5.100
10.000
9.900
10.400
10.000
14.000
12.000
10.000
6.700
10.000
10.300
8.000
17.300
10.400
8.100
0.000
8.000
10.000
10.000
7.400
2.000
18.200
10.000
10.000
30.900
2.000
44.600
10.000
2.000
14.800
11.400
10.700
10.000
15.500
8.600
21.000
7.000
2.000
10.100
2.000
12.000
8.500
10.000
10.000
75.700
6.000
260.300
10.000
10.000
21.800
10.000
256.100
6.300
13.100
45.400
278.400
10.000
8.400
28.600
12.000
10.000
423.000
181.500
48.500
0.600
6.600
10.000
10.800
7.000
25.600
10.000
5.000
9.000
10.000
8.700
5.000
5.000
2.700
10.800
15.000
10.000
6.800
1.200
5.300
10.000
10.000
3.200
10.300
10.200
3.000
4.000
10.400
10.000
4.800
10.400
3.200
4.700
5.200
3.100
10.000
5.200
0.000
10.000
2.000
2.000
7.800
6.300
6.200
10.000
10.000
7.400
3.400
10.000
1.000
274.800
242.300
10.000
24.400
6.000
9.000
9.200
7.500
10.000
10.000
0.000
2.000
17.000
10.000
32.000
5.000
60.000
33.200
10.300
8.500
7.400
10.000
6.300
16.400
326.600
6.500
9.100
11.200
24.700
10.000
10.000
11.300
3.200
280.500
19.400
20.200
10.000
10.000
4.000
1.200
25.100
6.400
7.600
7.500
7.400
7.800
7.200
2.600
10.900
7.500
7.000
10.000
9.200
1.000
291.600
1.000
0.000
9.000
9.300
20.300
19.900
9.000
10.000
10.100
11.000
8.100
0.000
8.000
10.000
10.000
7.900
10.000
10.000
6.000
9.000
4.700
6.600
0.000
8.000
15.100
8.000
0.000
0.000
9.300
0.000
7.200
0.000
0.000
0.000
0.000
1.100
0.000
13.700
0.000
11.800
0.000
0.000
0.000
11.400
15.000
5.200
10.400
0.000
0.000
0.000
17.300
0.000
10.300
0.000
0.000
0.000
0.000
0.000
0.000
0.000
0.000
0.000
0.000
0.000
0.000
0.000
0.000
0.000
0.000
10.000
0.000
0.000
0.700
2.000
8.600
0.000
0.000
0.000
0.000
0.000
10.000
10.300
10.000
0.000
11.400
0.000
15.000
0.000
0.000
0.000
5.000
10.000
0.000
0.000
10.000
10.600
0.000
15.000
0.000
19.000
10.000
12.900
13.300
10.300
7.800
15.900
10.300
0.000
0.000
10.000
0.000
35.600
9.200
0.000
6.200
0.000
0.000
0.000
5.000
0.000
0.000
10.000
0.000
0.000
0.000
0.000
0.000
0.000
0.900
0.000
0.000
0.000
0.000
116.100
0.000
0.000
0.000
0.000
14.900
10.100
6.900
0.000
0.000
0.000
0.000
2.000
0.000
11.000
4.100
0.000
0.000
8.000
10.200