35.400
36.800
35.510
30.130
39.610
35.110
39.570
35.570
34.440
38.290
38.350
36.420
43.140
35.030
36.590
42.510
36.560
40.020
37.040
38.490
38.130
34.250
36.700
35.490
28.490
34.850
35.440
41.030
41.030
35.180
41.070
42.840
41.850
40.840
36.410
43.220
40.000
38.920
39.800
39.870
39.720
36.060
38.410
37.920
39.810
39.780
39.770
39.740
40.870
39.790
39.770
39.850
39.740
39.790
39.750
39.810
39.730
39.730
39.810
39.770
39.760
39.700
39.720
39.750
39.800
39.770
39.810
42.230
34.710
38.920
38.360
41.020
45.230
34.990
42.020
37.650
42.480
34.840
37.920
36.760
36.350
39.050
34.890
38.170
38.940
37.930
42.030
37.740
42.010
42.020
38.860
38.920
42.010
42.050
36.900
38.450
41.290
35.290
40.650
40.320
35.300
39.170
39.150
38.320
42.330
36.230
35.920
41.170
36.890
34.710
33.800
34.270
34.250
40.710
44.480
40.250
35.430
34.550
38.590
34.130
38.160
35.540
35.460
34.560
35.020
41.670
41.220
41.230
41.280
38.310
38.030
38.600
40.220
28.650
35.400
34.990
38.850
34.370
38.690
40.360
42.510
37.850
34.940
38.280
38.610
34.190
37.010
37.610
37.750
37.490
41.280
34.970
35.740
35.180
35.350
34.860
35.300
35.130
40.750
34.410
34.950
37.560
43.080
34.870
38.440
38.260
34.380
36.640
35.560
39.560
42.910
36.500
34.290
38.600
35.480
36.460
40.100
45.370
37.500
35.480
34.620
35.960
39.040
34.480
37.790
38.260
39.640
38.720
38.720
38.660
38.770
38.750
38.700
38.530
38.470
38.730
38.760
38.870
37.840
38.590
38.850
38.720
38.770
38.740
38.550
38.650
38.630
38.670
40.860
34.960
34.800
36.390
34.950
37.900
41.370
41.380
40.820
35.840
37.560
35.240
37.910
38.030
34.420
39.080
34.500
36.230
32.280
34.740
35.480
37.600
37.140
38.790
30.650
37.780
36.290
34.590
40.780
34.270
34.490
36.970
40.770
38.140
35.360
35.520
34.560
35.420
38.180
39.270
39.150
34.300
31.100
36.550
34.740
40.430
37.110
36.620
40.240
40.310
40.290
34.730
43.370
37.780
37.570
28.750
42.380
36.110
42.460
38.250
36.800
29.030
36.600
34.370
34.990
38.670
34.190
38.150
40.140
34.970
40.270
35.020
37.740
41.760
34.520
34.660
36.720
34.520
35.010
38.120
39.990
37.280
35.000
34.950
41.770
34.720
34.450
38.260
35.040
40.880
34.330
44.550
34.980
35.070
34.930
42.490
34.930
34.990
35.020
35.060
36.450
37.840
35.140
34.820
34.950
35.060
34.990
35.110
35.060
34.900
35.140
34.860
34.380
39.130
43.760
35.360
38.140
35.320
42.380
38.320
38.350
35.710
36.290
37.390
36.360
35.490
44.140
35.310
34.920
43.640
31.970
44.520
37.230
36.050
41.830
34.830
42.780
40.320
34.440
40.030
37.440
42.740
38.030
36.390
38.170
34.960
34.300
37.530
34.370
41.650
38.940
44.600
39.410
36.890
38.390
38.320
38.900
38.890
38.870
38.550
40.250
34.930
37.370
39.360
38.700
38.700
38.420
35.930
43.910
39.310
37.150
34.680
38.130
38.360
38.100
38.100
39.220
38.020
36.880
45.180
34.280
38.930
40.400
38.170
37.880
35.450
35.570
37.860
35.100
36.210
34.210
37.390
34.440
37.970
35.920
35.100
43.060
36.770
34.220
34.240
34.170
38.350
38.380
38.320
40.820
34.050
36.220
34.580
37.680
36.210
40.150
41.640
36.740
37.670
35.420
39.920
39.940
36.930
35.840
34.510
40.370
34.770
40.710
34.240
30.650
41.930
37.800
30.200
38.300
40.830
38.530
36.120
40.460
33.590
40.270
34.060
35.210
38.210
38.390
38.280
36.340
35.790
43.840
38.710
35.400
34.760
36.590
38.360
39.780
39.170
34.520
40.080
40.240
38.560
42.100
34.150
40.380
40.410
40.010
40.000
40.410
40.300
40.300
30.480
39.520
40.910
40.980
34.920
39.800
38.410
36.050
38.240
42.450
35.590
35.500
41.760
36.950
41.260
38.430
36.220
34.110
38.850
37.230
38.200
35.030
34.910
34.040
38.420
34.160
37.730
37.500
38.210
41.480
41.480
41.460
36.870
35.930
38.060
38.190
36.600
40.230
34.730
37.290
38.210
38.200
38.300
38.240
38.290
38.240
36.550
38.220
38.110
38.240
36.510
38.300
38.290
38.390
38.290
38.510
38.190
38.250
37.680
38.740
38.520
38.270
34.670
38.290
38.180
38.810
38.460
38.500
38.460
38.440
37.100
38.300
38.410
38.410
38.490
38.400
38.220
38.250
38.240
38.200
38.250
44.990
38.420
38.290
38.440
38.380
38.240
38.380
38.160
38.290
38.170
38.110
38.230
38.240
43.280
38.130
38.270
38.160
38.200
38.370
38.170
38.200
38.130
38.430
38.290
38.240
38.190
38.400
38.240
38.140
38.260
38.210
38.300
41.330
41.420
41.400
41.360
38.620
37.850
39.460
34.390
43.100
35.670
35.980
36.940
39.820
34.910
39.070
42.420