13.150
13.210
13.250
13.210
13.280
13.220
13.230
13.170
13.260
13.310
13.240
13.220
12.690
18.500
13.110
16.300
5.430
10.670
13.250
-0.880
6.250
6.240
13.150
13.110
13.130
18.470
13.060
4.010
13.050
13.160
17.890
13.070
13.050
13.100
13.000
13.010
13.120
12.970
13.040
13.160
13.090
13.040
15.790
13.540
13.100
13.050
13.050
13.120
13.020
13.110
13.140
13.000
13.040
13.020
11.060
7.500
13.080
13.190
18.400
6.870
13.160
13.100
13.030
-5.410
13.170
13.190
13.030
13.150
13.250
13.150
13.250
13.160
13.180
-11.280
13.140
13.190
13.110
13.030
13.240
13.110
13.220
13.130
13.190
13.180
13.310
13.170
13.170
13.180
7.290
3.480
9.950
-0.670
3.450
2.330
3.500
11.900
3.510
3.500
15.810
3.450
15.280
-1.170
16.160
-0.570
3.500
-3.440
-3.550
-3.690
-3.700
-3.610
-3.600
-3.550
-3.580
-3.660
-3.580
-3.540
-3.560
-3.610
-3.520
-3.510
17.430
3.090
14.880
-3.880
-11.130
-3.850
-3.040
-3.780
-3.520
-3.790
-3.790
-3.580
-3.650
-3.870
-3.680
-3.760
-3.720
-3.820
-3.680
-3.700
12.840
14.650
14.750
18.520
15.560
13.660
15.220
9.790
6.720
15.530
-2.170
3.150
-8.550
15.590
14.750
16.020
11.280
7.150
12.180
13.610
11.940
16.610
15.620
10.770
-8.530
-9.300
4.560
12.080
12.060
16.850
15.310
-8.440
17.600
11.950
18.570
15.380
18.570
16.330
5.710
5.670
5.670
5.640
0.430
5.670
3.020
5.710
-2.860
11.180
11.180
18.420
-2.670
11.410
15.070
2.990
3.000
-9.610
11.210
15.490
14.260
16.360
3.080
16.720
3.100
3.020
3.010
11.210
11.260
3.020
15.020
-11.330
-4.430
18.240
16.510
3.190
10.780
16.290
0.160
-5.550
15.790
3.160
-3.920
17.070
16.120
16.000
-3.410
13.850
0.250
-5.000
-6.280
14.260
-7.440
6.750
17.250
-3.650
5.630
-0.550
14.840
-4.980
3.660
17.100
14.530
-4.140
14.400
17.190
12.420
-7.010
14.940
9.520
-2.940
16.830
-9.410
10.970
-9.910
11.010
0.790
16.520
15.080
-1.420
15.000
12.500
13.740
15.150
15.040
10.210
11.440
-4.240
15.080
13.720
13.760
9.320
3.030
11.970
10.180
10.230
10.180
10.140
10.120
10.130
10.140
14.870
10.170
-5.380
5.180
3.440
18.750
17.140
5.260
12.350
16.060
11.450
-0.060
5.640
-2.170
-1.710
11.140
-5.040
14.780
7.400
6.060
7.510
7.700
11.550
16.470
-1.800
-5.550
5.620
-1.520
5.290
5.280
13.580
18.650
10.450
16.380
-3.750
6.640
-0.220
14.720
-0.230
13.710
14.780
5.200
5.310
15.840
16.010
15.550
4.520
17.080
9.810
7.320
14.850
14.950
13.080
15.710
15.340
13.600
16.270
16.800
17.850
17.880
13.600
15.140
16.740
14.670
11.030
6.350
10.890
12.440
12.350
-10.810
10.980
10.940
5.240
10.980
10.870
10.940
10.950
11.030
11.080
10.960
11.010
11.050
10.960
11.060
11.110
10.940
11.080
11.090
16.120
11.160
11.170
11.110
11.250
11.350
11.380
11.490
11.130
11.240
11.100
11.260
11.190
11.550
11.440
11.270
11.370
11.230
11.260
1.850
1.640
17.840
-2.630
13.300
4.570
15.790
15.020
0.860
-0.590
13.200
17.830
9.430
0.810
7.620
6.710
6.690
6.660
13.480
-5.530
8.550
-3.140
10.030
10.540
10.970
8.190
12.770
17.870
16.020
2.920
14.800
10.920
10.920
-1.870
9.450
9.420
18.610
18.530
12.090
15.270
10.200
13.700
17.570
17.330
4.400
15.680
7.280
11.290
12.720
11.860
11.850
11.860
11.860
12.480
7.700
14.800
14.760
16.450
11.980
12.030
14.960
-1.670
-1.670
15.030
17.280
14.880
14.890
12.200
-10.560
16.120
-1.090
-8.410
-0.360
17.180
3.530
-4.500
-5.910
17.110
18.330
18.730
18.700
7.610
7.510
2.840
18.740
11.520
16.100
-1.220
-1.240
12.420
-1.810
10.060
-7.390
-1.270
-1.150
-1.140
15.900
-1.240
18.730
-1.340
15.800
-4.080
-1.270
-1.310
15.390
-4.240
13.490
15.020
-6.180
-2.430
-3.570
-8.330
-1.290
15.910
-1.640
-2.530
-1.640
-6.600
-8.620
-7.970
-1.450
-6.480
-8.420
-9.050
-2.630
-3.480
-8.490
-7.880
-8.360
1.850
10.240
-0.420
-4.630
0.140
-0.530
12.560
6.440
1.760
-6.820
-0.960
13.780
7.780
12.460
7.420
-2.760
13.580
-4.100
2.090
-4.210
-1.230
-1.270
3.650
-1.040
-1.270
-1.250
6.760
13.130
-0.180
2.950
-1.280
8.120
13.210
12.740
12.740
12.510
16.060
-5.620
-0.700
-1.240
6.750
-7.550
-1.280
-7.440
14.590
-1.250
13.420
-2.660
-3.590
-6.210
-3.610
-1.460
-7.960
1.020
14.910
-4.140
1.700
-1.260
-6.820
-6.240
15.670
-0.580
2.320
0.850
1.900
15.180
-7.470
-5.930
15.050
13.810
13.200
14.390
14.910
2.930
14.920
-0.270
-1.300
13.630
15.060
12.910
14.460
-1.090
-2.850
-9.450
-1.210