26.430
27.640
23.980
31.810
26.160
23.160
26.130
32.390
22.490
21.750
21.750
26.790
25.810
27.010
22.890
18.500
26.920
19.980
28.720
23.520
22.020
25.070
21.580
22.570
34.410
23.250
26.450
22.700
22.710
25.010
22.670
18.470
19.890
34.250
26.360
17.890
19.710
22.110
28.670
20.560
20.560
30.510
21.920
26.960
20.630
20.610
20.630
20.720
30.900
20.660
20.720
20.640
20.710
20.600
20.630
20.610
20.700
20.640
20.590
20.710
20.670
20.700
20.660
20.740
20.680
20.800
20.650
30.730
26.500
27.650
21.890
22.670
18.400
24.910
21.540
21.050
19.140
24.830
29.200
21.940
27.620
22.300
31.560
20.360
23.390
20.160
21.470
21.070
21.450
21.490
27.730
27.770
21.480
21.540
25.600
20.490
20.400
31.620
23.410
33.320
22.920
20.870
20.890
20.340
35.110
21.730
31.100
23.830
30.540
32.920
35.310
26.390
26.400
29.210
21.640
29.150
31.620
23.890
26.720
26.130
20.320
26.520
31.590
25.530
26.210
23.290
21.080
20.950
20.980
21.880
21.630
24.480
19.700
34.630
31.640
33.540
23.620
26.540
20.530
19.360
26.050
23.490
25.760
20.330
24.430
25.730
35.890
19.850
20.340
20.170
19.340
33.790
31.740
23.590
23.520
23.170
23.920
23.500
21.190
25.390
26.930
21.780
17.430
25.810
26.740
22.110
24.680
26.940
31.380
34.350
18.520
26.820
32.730
20.590
23.200
26.960
30.560
24.200
19.950
27.390
25.440
21.530
20.570
25.310
21.080
21.830
21.200
20.580
20.520
20.490
20.470
20.490
20.510
20.350
20.450
20.600
20.500
20.560
29.420
20.360
20.510
20.490
20.520
20.480
20.430
20.560
20.590
20.600
28.750
23.320
23.300
22.170
32.100
21.430
20.320
20.290
27.770
24.030
22.060
23.230
26.720
20.150
26.470
28.990
26.380
30.140
21.040
24.610
27.710
22.040
28.970
26.140
28.480
21.250
27.690
26.070
21.230
25.570
25.560
30.710
21.200
20.350
31.250
31.300
24.950
22.520
21.880
21.480
16.610
33.650
35.410
34.930
22.870
24.010
28.790
26.840
26.290
26.260
26.260
32.950
28.570
21.780
29.590
34.730
19.390
21.400
19.430
26.560
21.550
34.700
27.120
26.190
26.710
23.350
26.230
20.450
21.780
26.730
21.540
26.820
19.930
19.170
25.050
24.990
21.490
26.290
26.810
20.350
33.240
16.850
26.910
25.290
33.410
25.020
25.120
21.570
26.900
32.460
25.720
17.600
26.830
26.800
26.840
18.570
26.860
26.900
26.960
26.770
23.170
21.380
26.770
24.740
26.700
26.740
26.820
26.880
26.810
26.770
26.820
32.310
26.560
24.490
18.570
27.740
20.400
27.590
21.470
20.530
20.390
26.600
26.610
20.170
23.170
27.790
19.940
27.450
24.950
18.420
31.020
18.930
30.080
35.970
20.150
25.390
26.190
25.960
25.100
28.550
36.310
20.300
23.760
22.580
27.050
26.350
24.840
20.550
23.530
19.330
26.260
16.720
22.620
20.570
20.410
22.040
26.230
26.280
26.260
26.050
25.150
26.700
26.820
29.010
23.280
23.420
20.360
31.480
21.260
19.410
28.820
26.580
20.380
22.240
20.450
20.440
24.180
20.280
21.420
22.260
24.930
21.150
30.120
27.110
21.440
26.520
21.590
21.330
26.240
29.240
25.080
22.200
26.300
21.750
26.970
27.150
18.240
16.510
25.000
25.110
25.070
21.980
21.800
21.770
21.300
25.070
30.970
23.320
19.940
30.820
24.830
32.510
23.760
30.590
27.740
23.440
23.440
27.400
28.280
28.320
25.820
24.840
29.330
26.150
31.760
35.920
23.970
32.380
26.630
21.160
23.700
30.180
26.220
35.420
28.000
25.560
27.810
25.100
21.760
20.370
28.580
32.150
17.070
20.540
27.080
28.370
36.070
22.150
24.070
23.700
24.570
24.340
25.140
20.600
21.280
35.360
26.070
26.090
24.260
24.340
25.910
25.630
25.450
35.300
24.190
19.890
19.880
26.070
20.190
22.450
31.060
25.150
18.900
21.680
21.680
19.250
29.030
20.090
21.930
31.430
25.860
17.250
23.770
20.460
22.470
26.020
25.590
22.450
26.080
21.420
25.670
20.300
19.490
19.420
19.450
21.550
31.310
20.290
20.180
35.280
21.590
24.150
36.290
20.460
20.350
20.290
20.320
20.330
20.250
35.970
20.260
20.310
20.270
18.940
20.340
20.390
20.320
21.700
20.340
20.300
20.300
21.040
22.800
21.970
20.320
32.600
20.340
20.280
22.750
20.330
20.270
21.920
20.340
21.780
22.000
20.450
20.610
20.600
20.350
20.330
20.370
20.240
20.320
20.370
17.100
20.380
20.290
20.410
20.380
20.380
20.330
20.280
20.300
20.290
20.340
20.340
20.310
19.880
20.390
20.270
20.320
20.250
20.390
20.270
20.250
20.300
20.320
20.330
20.360
20.260
20.220
20.320
20.330
20.390
20.430
22.030
19.380
19.470
19.440
19.460
21.800
20.990
27.950
25.310
17.190
31.350
31.340
31.150
25.350
25.680
22.340
19.220