1485370252
1485307173
1485076939
1485017662
1484453001
1484451439
1484433539
1484343812
1484149829
1484052294
1483955597
1483625103
1483480953
1483275842
1482867065
1482536365
1482213824
1481971176
1481820240
1481044480
1480799075
1480773495
1480679164
1480570586
1480438872
1480378768
1479859287
1479511368
1479287715
1479090880
1478779964
1478707124
1478236133
1478087864
1478026700
1477906693
1477772128
1477346996
1477343087
1477014899
1476912236
1476879526
1476835725
1476667830
1476660093
1476644500
1476636244
1476632874
1476627085
1476623881
1476607220
1476597306
1476594393
1476589220
1476584462
1476581525
1476578896
1476578854
1476578474
1476576598
1476572818
1476568012
1476567742
1476565826
1476562950
1476562721
1476562489
1476519512
1476509575
1476499866
1476186510
1475886804
1475832347
1475629697
1475578335
1475462085
1475437279
1475188038
1475053809
1475047052
1475009828
1474998782
1474481287
1474257585
1474008914
1473819605
1473809548
1473747291
1473702834
1473682745
1473672578
1473668765
1473599407
1473569880
1473441861
1472702873
1472682052
1470586098
1470460622
1470166253
1469899579
1469547516
1469461438
1469298708
1469223610
1468519623
1468434967
1468275533
1468048532
1467546172
1467206672
1467065504
1467063264
1466833212
1465437943
1465272586
1465225767
1465218482
1465158380
1465089089
1465058306
1465009002
1465006978
1464567039
1464165374
1463907511
1463850997
1463848890
1463848390
1463846719
1463775410
1463774419
1463773784
1463363159
1463181735
1463012317
1462814959
1461972989
1461901854
1461053983
1460961976
1460901290
1460765441
1460400824
1460165772
1459644375
1459460004
1459438717
1459287780
1459213531
1459084169
1458678260
1458653117
1457911592
1457786442
1457568215
1457360715
1457306295
1457233911
1456876460
1455577509
1455562502
1455461489
1454713286
1454220931
1453813381
1453368142
1453230282
1452970279
1452447649
1452258462
1452035509
1451978233
1451930455
1451914562
1451876303
1451639475
1451415387
1451398553
1451127653
1451010272
1450220781
1450127605
1449918901
1449909286
1449453841
1449398655
1449020662
1448357943
1448071106
1448066517
1448062625
1448011995
1447996344
1447955154
1447871407
1447851796
1447848939
1447842947
1447823896
1447793550
1447789174
1447763876
1447761446
1447760988
1447749220
1447747806
1447744207
1447688744
1447646576
1447646302
1447366686
1447187382
1446852347
1446359225
1446359178
1446049202
1445951679
1445787964
1445655540
1445624982
1445620402
1444828630
1444778291
1444616170
1444166851
1443912475
1443517960
1442433134
1442200916
1442113047
1441872765
1441244681
1440941281
1440871969
1440824135
1440691307
1440636439
1440635108
1440432555
1440390320
1440039410
1439935092
1439932782
1439447197
1439159459
1439156362
1439054543
1438586871
1438268651
1438223944
1438207253
1437963824
1437936042
1437849353
1437731918
1437720850
1437705583
1437701162
1437496156
1436949038
1436717410
1436393642
1436321728
1436227089
1436218443
1436190137
1436144627
1435644442
1435419242
1435135034
1434829965
1433886586
1433812142
1433802042
1433253861
1432950977
1432857827
1432662785
1432332557
1432222279
1431997600
1431990838
1431981662
1431974113
1431835728
1431801796
1431531857
1431387651
1431332789
1431320519
1431293567
1431112488
1430884194
1430712458
1430700122
1430671578
1430570758
1430555024
1430237810
1430144189
1429733995
1429609050
1429581747
1429515780
1429486607
1429486109
1429411725
1429375611
1429364210
1429329573
1429298458
1429288782
1429236340
1429235443
1429210932
1429210356
1429210218
1429207662
1429086312
1428998400
1428896944
1428797132
1428500015
1428374381
1428338551
1428310211
1428122300
1427816923
1427499293
1426587078
1426504718
1426253589
1426120762
1425847647
1425832836
1425786161
1425111864
1425041589
1424553697
1424087566
1423540914
1423274183
1423153067
1423117006
1422852064
1422460478
1422008384
1421954866
1421803807
1421389971
1421147949
1420864329
1420458840
1420223369
1420179389
1420178593
1419885253
1419840383
1419469486
1419028834
1419009477
1418336663
1418217185
1417855006
1417846854
1417830307
1417727790
1417551315
1417474084
1417363262
1417141807
1416265744
1416265557
1415871473
1415809534
1415758849
1415652496
1415600201
1415575476
1415488543
1415380380
1415346837
1415346098
1415220699
1415197346
1414977566
1414796405
1414283449
1414194195
1413997865
1413860635
1413482392
1413442106
1413147553
1412644748
1412425675
1412404835
1412400230
1412381521
1412374845
1412349133
1412265119
1412115393
1412089960
1411774689
1411759587
1411717879
1411263805
1411262007
1411260223
1411140912
1410957204
1410674480
1410562537
1410559009
1410083788
1409864404
1409852620
1409802781
1409283906
1408909411
1408729588
1408681674
1408681350
1408075219
1408019280
1407939459
1407795811
1407486049
1407104568
1406016258
1405998238
1405865269
1405844104
1405713688
1405655938
1405250288
1405071966
1404979086
1404949503
1404596495
1404363886
1404089625
1404040747
1403885668
1403688103
1403441721
1403272783
1403209847
1403185938
1402650678
1402619691
1402458821
1402285115
1402240252
1402074623
1402057265
1401624347
1401343257
1401139719
1401057725
1401051910
1401020576
1401018476
1401017919
1400976481
1400950202
1400942956
1400931188
1400923503
1400916450
1400628646
1400561006
1400461159
1400414886
1399856072
1399691091
1399266341
1398830613
1398588060
1398446433
1398394592
1398115530
1397950801
1397914414
1397797657
1397692190
1397508082
1396693486
1396642087
1396576777
1396071937
1395833677
1395573145
1395426950
1395399591
1395139382
1394861376
1394494068
1394299970
1394291552
1394291191
1394214240
1394118921
1394032124
1394023761
1393734360
1393378970
1393216861
1393083726
1392995906
1392940050
1392851292
1392452339
1392449478
1392349115
1392338018
1392201273
1391982820
1391934182
1391881260
1391879573
1391792484
1391743604
1391736114
1391721365
1391714462
1391709949
1391689632
1391673507
1391554144
1391542930
1391452184
1391396926
1391272420
1391242446
1391172342
1391151168
1391125696
1391079979
1391029450
1390986865
1390947760
1390942075
1390941086
1390936332
1390922001
1390920574
1390900824
1390896431
1390885974
1390867413
1390861390
1390855213
1390850611
1390837176
1390827950
1390822567
1390816060
1390789458
1390777615
1390770936
1390765997
1390763525
1390763201
1390762986
1390761909
1390758316
1390755351
1390754615
1390752536
1390750598
1390750168
1390748365
1390747656
1390747299
1390746772
1390746560
1390746245
1390746118
1390745320
1390744543
1390601328
1390228848
1390203553
1390199210
1390197616
1390065693
1389413577
1389338446
1388502374
1388300099
1388256903
1388244065
1387995095
1387401607
1387140020
1386766854
1386700387